5291968766
5289884379
5290362739
5291454496
5291276948
5291033426
5290893478
5290385486
5290345539
5290307399
5288674163
5288295008
5288113364
5288168830
5286046415
5285728452
5284134402
5266512492
5277100238
5265905965
5264995318
5289216072
5286423896
5286357200
5264925485
5255322108
5241422754
5291729380
5287447446
5290765106
5289468887
5288359566
5287470275
5286616482
5264517486
5287214484
5286763134
5237316552
5253187747
5258971413
5287650896
5293374903
5293380844
5293493465
5292922254
5293750906
5293915892
5294137480
5294235762
5294228979
5294255288
5294477912
5295808515
5295588108
5294654237
5295665149
5295971032
5295071091
5296062782
5296126921
5296159945